4294967279,140
4294967279,294
4294967279,135
4294967278,289
4294967278,301
4294967279,269
4294967278,307
4294967279,512
4294967279,347
4294967279,107
4294967279,105
4294967279,102
4294967279,96
4294967279,91
4294967279,363
4294967278,441
4294967279,348
4294967278,288
4294967278,274
4294967278,273
4294967278,281
4294967278,265
4294967279,258
4294967279,257
4294967278,278
4294967279,519
4294967278,426
4294967279,252
4294967279,318
4294967279,250
4294967279,249
318,6
318,5
4294967279,248
318,4
318,3
318,2
318,1
4294967278,440
4294967279,244
4294967279,241
4294967279,239
4294967279,237
4294967278,234
4294967278,232
4294967279,231
4294967278,230
4294967279,225
4294967279,223
4294967278,439
4294967279,95
4294967279,104
4294967279,375
4294967279,215
4294967278,215
4294967279,532
4294967279,213
4294967279,329
4294967278,378
4294967278,210
4294967279,210
4294967279,207
4294967278,209
315,6
4294967279,209
315,5
4294967278,208
315,4
4294967279,208
315,3
315,2
315,1
4294967279,94
4294967279,566
4294967279,93
4294967279,314
4294967278,386
4294967279,203
4294967278,202
4294967279,202
4294967279,201
4294967279,200
4294967279,198
4294967278,195
4294967278,388
4294967278,190
4294967278,189
4294967279,189
4294967278,187
4294967279,374
4294967278,182
312,6
4294967278,184
312,5
4294967279,184
312,4
4294967278,183
312,3
312,2
312,1
4294967279,373
4294967279,178
4294967279,372
4294967278,177
4294967279,177
4294967278,175
4294967278,173
4294967279,173
4294967278,172
4294967279,238
4294967278,411
4294967279,357
4294967278,398
4294967294,421
4294967294,173
4294967279,165
4294967279,309
4294967278,370
4294967279,164
4294967279,333
4294967278,425
4294967278,160
309,6
309,5
4294967278,158
309,4
309,3
309,2
309,1
4294967278,157
4294967279,342
4294967279,339
4294967278,154
4294967278,306
4294967279,297
4294967278,153
4294967279,151
4294967278,151
4294967279,150
4294967279,149
4294967278,149
4294967278,145
4294967278,144
4294967278,293
4294967278,143
4294967278,140
4294967278,291
4294967279,295
4294967278,139
4294967294,472
4294967278,138
4294967278,402
4294967278,277
4294967278,302
306,6
306,5
306,4
306,3
306,2
306,1
4294967278,387
4294967278,406
4294967279,268
4294967278,287
4294967278,283
4294967279,265
4294967278,267
4294967294,1421
4294967279,256
4294967278,262
4294967278,261
303,4
303,3
303,2
303,1
4294967278,366
4294967279,518
4294967278,257
302,4
4294967279,541
302,3
302,2
302,1
4294967279,539
4294967278,409
4294967278,438
4294967279,513
4294967278,415
4294967294,167
4294967294,462
4294967278,347
4294967278,250
4294967278,248
301,5
301,4
4294967278,246
301,3
301,2
301,1
4294967278,242
299,6
4294967294,1424
4294967279,229
299,5
299,4
299,3
299,2
299,1
298,5
4294967278,213
298,4
298,3
298,2
298,1
4294967278,405
4294967279,315
4294967278,437
297,5
297,4
297,3
297,2
297,1
4294967279,320
4294967278,203
4294967279,312
4294967279,554
296,5
4294967279,199
296,4
4294967278,198
296,3
296,2
296,1
4294967294,1418
4294967294,190
4294967294,1011
4294967294,1015
4294967294,163
4294967294,1091
4294967278,197
295,4
295,3
295,2
295,1
4294967279,308
4294967279,193
4294967279,331
4294967278,391
4294967279,306
4294967278,343
4294967279,525
4294967278,384
4294967279,574
4294967278,400
4294967278,341
4294967279,530
4294967278,362
4294967279,335
4294967294,409
4294967294,187
4294967294,399
4294967294,178
4294967294,1173
4294967294,415
4294967294,183
4294967294,444
4294967294,404
4294967294,455
4294967294,175
4294967279,529
4294967278,360
4294967279,527
4294967279,179
4294967279,562
4294967278,340
4294967278,346
4294967278,385
4294967278,344
4294967278,61
4294967278,59
4294967278,58
4294967278,57
4294967278,56
4294967278,55
4294967278,54
4294967278,53
4294967278,52
4294967278,51
4294967278,50
4294967278,49
4294967278,48
4294967278,47
4294967278,46
4294967278,45
4294967278,44
4294967278,43
4294967278,42
4294967278,41
4294967278,40
4294967278,39
4294967278,296
4294967278,38
4294967278,37
4294967278,294
4294967278,36
4294967278,35
4294967278,34
4294967278,33
4294967278,32
4294967278,31
4294967278,30
4294967278,390
4294967278,29
4294967278,28
4294967278,354
4294967278,27
4294967278,26
4294967278,399
4294967278,25
4294967278,24
4294967278,23
4294967278,22
4294967278,21
4294967278,20
4294967278,19
4294967278,18
4294967278,17
4294967278,16
4294967278,15
4294967278,14
4294967278,88
4294967278,367
4294967278,13
4294967278,12
4294967278,427
4294967278,11
4294967278,10
4294967278,9
4294967278,8
4294967278,263
4294967278,7
4294967278,5
4294967278,259
4294967278,4
4294967279,132
4294967279,131
4294967279,130
4294967279,129
4294967279,128
4294967279,567
4294967279,127
4294967279,126
4294967279,251
4294967279,125
4294967279,124
4294967279,536
4294967279,123
4294967279,535
4294967279,122
4294967279,324
4294967279,121
4294967279,120
4294967279,119
4294967279,118
4294967279,117
4294967279,116
4294967279,115
4294967279,174
4294967279,86
4294967279,84
4294967279,80
4294967279,79
4294967279,78
4294967279,77
4294967279,76
4294967279,75
4294967279,70
4294967279,69
4294967279,67
4294967279,66
4294967279,65
4294967279,60
4294967279,59
4294967279,58
4294967279,57
4294967279,56
4294967279,53
4294967279,51
4294967279,49
4294967279,48
4294967279,46
4294967279,43
4294967279,37
4294967279,34
4294967279,33
4294967279,28
4294967279,24
4294967279,23
4294967279,21
4294967279,20
4294967279,18
4294967279,14
4294967279,292
4294967279,12
4294967279,291
4294967279,9
4294967278,345
4294967278,358
4294967279,371
4294967279,62
4294967278,334
4294967279,172
4294967278,167
4294967278,163
4294967278,416
4294967279,572
4294967279,32
4294967279,547
4294967278,436
4294967279,569
294,6
294,5
294,4
294,2
294,1
4294967279,352
4294967279,370
4294967279,31
4294967279,285
4294967279,260
4294967279,30
4294967279,351
4294967279,546
4294967279,134
4294967278,435
4294967278,2
4294967294,475
